5 2 1 3 0.000031 3 0.000032 3 0.000026
5 4 1 5 0.000025 8 0.000023 8 0.000046
5 6 1 9 0.000020 30 0.000015 30 0.000080
5 8 1 11 0.000029 31 0.000019 31 0.000087
5 10 1 14 0.000032 42 0.000027
5 12 1 14 0.000025 60 0.000019 60 0.000165
5 14 1 18 0.000025 50 0.000018
5 16 1 16 0.000026 98 0.000022
5 2 11 3 0.000023 3 0.000014 3 0.000022
5 4 11 5 0.000038 8 0.000020 8 0.000036
5 6 11 9 0.000022 30 0.000015 30 0.000085
5 8 11 11 0.000024 31 0.000027 31 0.000112
5 10 11 14 0.000028 42 0.000023
5 12 11 14 0.000025 60 0.000021 60 0.000164
5 14 11 18 0.000027 50 0.000023
5 16 11 16 0.000023 98 0.000020
5 2 21 3 0.000021 3 0.000017 3 0.000040
5 4 21 5 0.000025 8 0.000016 8 0.000040
5 6 21 9 0.000023 30 0.000020 30 0.000108
5 8 21 11 0.000029 31 0.000017 31 0.000074
5 10 21 14 0.000024 42 0.000020
5 12 21 14 0.000023 60 0.000021 60 0.000148
5 14 21 18 0.000027 50 0.000022
5 16 21 16 0.000024 98 0.000020
5 2 31 3 0.000023 3 0.000014 3 0.000022
5 4 31 5 0.000022 8 0.000018 8 0.000032
5 6 31 9 0.000026 30 0.000021 30 0.000096
5 8 31 11 0.000029 31 0.000022 31 0.000072
5 10 31 14 0.000025 42 0.000021
5 12 31 14 0.000032 60 0.000018 60 0.000109
5 14 31 18 0.000021 50 0.000022
5 16 31 16 0.000025 98 0.000020
5 2 41 3 0.000025 3 0.000014 3 0.000024
5 4 41 6 0.000023 13 0.000018 13 0.000051
5 6 41 7 0.000027 26 0.000015 26 0.000075
5 8 41 7 0.000024 27 0.000016 27 0.000085
5 10 41 10 0.000023 45 0.000023 45 0.000103
5 12 41 12 0.000029 44 0.000023 44 0.000122
5 14 41 11 0.000027 64 0.000023 64 0.000112
5 16 41 12 0.000024 81 0.000022 81 0.000262
5 2 51 3 0.000025 3 0.000021 3 0.000030
5 4 51 6 0.000026 13 0.000018 13 0.000047
5 6 51 7 0.000028 26 0.000019 26 0.000103
5 8 51 7 0.000032 27 0.000021 27 0.000082
5 10 51 10 0.000028 45 0.000022 45 0.000088
5 12 51 12 0.000025 44 0.000023 44 0.000142
5 14 51 11 0.000025 64 0.000018 64 0.000133
5 16 51 12 0.000033 81 0.000023 81 0.000203
5 2 61 3 0.000025 3 0.000016 3 0.000021
5 4 61 5 0.000021 9 0.000015 9 0.000047
5 6 61 8 0.000022 14 0.000018 14 0.000061
5 8 61 9 0.000023 42 0.000032 42 0.000088
5 10 61 8 0.000024 29 0.000023 29 0.000082
5 12 61 8 0.000025 24 0.000022 24 0.000077
5 14 61 6 0.000027 41 0.000021 41 0.000072
5 16 61 9 0.000030 67 0.000020 67 0.000106
5 2 71 3 0.000022 3 0.000023 3 0.000026
5 4 71 5 0.000023 9 0.000015 9 0.000030
5 6 71 8 0.000023 14 0.000018 14 0.000044
5 8 71 9 0.000025 42 0.000017 42 0.000088
5 10 71 8 0.000021 29 0.000019 29 0.000086
5 12 71 8 0.000026 24 0.000015 24 0.000066
5 14 71 6 0.000022 41 0.000023 41 0.000097
5 16 71 9 0.000026 67 0.000024 67 0.000144
5 2 81 1 0.000020 2 0.000021 2 0.000022
5 4 81 5 0.000026 5 0.000023 5 0.000036
5 6 81 4 0.000029 10 0.000022 10 0.000060
5 8 81 5 0.000024 7 0.000015 7 0.000034
5 10 81 6 0.000027 28 0.000016 28 0.000081
5 12 81 6 0.000024 22 0.000019 22 0.000053
5 14 81 5 0.000025 22 0.000018 22 0.000057
5 16 81 5 0.000024 9 0.000015 9 0.000029
5 2 91 1 0.000019 2 0.000014 2 0.000017
5 4 91 5 0.000021 5 0.000015 5 0.000024
5 6 91 4 0.000019 10 0.000013 10 0.000037
5 8 91 5 0.000023 7 0.000017 7 0.000034
5 10 91 6 0.000026 28 0.000016 28 0.000067
5 12 91 6 0.000024 22 0.000016 22 0.000054
5 14 91 5 0.000026 22 0.000016 22 0.000062
5 16 91 5 0.000026 9 0.000017 9 0.000030
10 2 1 4 0.000052 5 0.000028 5 0.000125
10 4 1 14 0.000056 28 0.000036 28 0.000798
10 6 1 19 0.000062 38 0.000032 38 0.000484
10 8 1 25 0.000055 55 0.000030 55 0.000852
10 10 1 24 0.000055 56 0.000032 56 0.000841
10 12 1 35 0.000056 121 0.000040 121 0.001743
10 14 1 39 0.000061 123 0.000039
10 16 1 40 0.000054 148 0.000046
10 2 11 4 0.000052 5 0.000024 5 0.000113
10 4 11 14 0.000055 28 0.000029 28 0.000736
10 6 11 19 0.000055 38 0.000030 38 0.000549
10 8 11 25 0.000053 55 0.000033 55 0.000987
10 10 11 24 0.000062 56 0.000037 56 0.000901
10 12 11 35 0.000062 121 0.000062 121 0.002172
10 14 11 39 0.000072 123 0.000050
10 16 11 40 0.000055 148 0.000064
10 2 21 3 0.000058 4 0.000033 4 0.000107
10 4 21 9 0.000062 14 0.000033 14 0.000229
10 6 21 13 0.000054 32 0.000029 32 0.000445
10 8 21 13 0.000054 30 0.000030 30 0.000637
10 10 21 18 0.000058 58 0.000042 58 0.000780
10 12 21 23 0.000063 66 0.000031 66 0.000836
10 14 21 23 0.000056 86 0.000047 86 0.001384
10 16 21 22 0.000065 186 0.000052 186 0.002374
10 2 31 3 0.000058 3 0.000026 3 0.000096
10 4 31 6 0.000054 17 0.000035 17 0.000495
10 6 31 8 0.000058 18 0.000026 18 0.000207
10 8 31 12 0.000051 20 0.000029 20 0.000217
10 10 31 13 0.000054 34 0.000033 34 0.000583
10 12 31 17 0.000068 45 0.000041 45 0.000892
10 14 31 20 0.000066 46 0.000040 46 0.000842
10 16 31 20 0.000050 40 0.000042 40 0.000901
10 2 41 1 0.000062 2 0.000024 2 0.000076
10 4 41 8 0.000057 8 0.000029 8 0.000199
10 6 41 10 0.000049 18 0.000030 18 0.000451
10 8 41 12 0.000055 24 0.000029 24 0.000652
10 10 41 14 0.000056 52 0.000036 52 0.001205
10 12 41 18 0.000051 96 0.000040 96 0.002184
10 14 41 13 0.000052 90 0.000039 90 0.002249
10 16 41 15 0.000051 52 0.000032 52 0.000933
10 2 51 3 0.000054 3 0.000023 3 0.000098
10 4 51 6 0.000058 11 0.000031 11 0.000298
10 6 51 9 0.000053 21 0.000027 21 0.000477
10 8 51 8 0.000049 17 0.000026 17 0.000498
10 10 51 11 0.000066 27 0.000034 27 0.000354
10 12 51 11 0.000051 44 0.000032 44 0.000840
10 14 51 13 0.000049 45 0.000027 45 0.000950
10 16 51 11 0.000050 73 0.000040 73 0.001995
10 2 61 1 0.000057 2 0.000021 2 0.000067
10 4 61 6 0.000059 16 0.000032 16 0.000381
10 6 61 5 0.000065 23 0.000029 23 0.000636
10 8 61 8 0.000077 17 0.000025 17 0.000368
10 10 61 10 0.000051 23 0.000035 23 0.000622
10 12 61 8 0.000065 39 0.000034 39 0.000949
10 14 61 11 0.000071 38 0.000037 38 0.001231
10 16 61 10 0.000053 54 0.000034 54 0.001224
10 2 71 1 0.000053 2 0.000025 2 0.000088
10 4 71 5 0.000057 11 0.000031 11 0.000356
10 6 71 6 0.000054 13 0.000025 13 0.000379
10 8 71 12 0.000049 31 0.000037 31 0.000841
10 10 71 10 0.000068 28 0.000036 28 0.000644
10 12 71 11 0.000065 28 0.000028 28 0.000547
10 14 71 14 0.000049 53 0.000044 53 0.001217
10 16 71 14 0.000067 46 0.000048 46 0.001197
10 2 81 3 0.000074 3 0.000028 3 0.000088
10 4 81 4 0.000053 10 0.000024 10 0.000222
10 6 81 6 0.000055 10 0.000025 10 0.000198
10 8 81 7 0.000056 14 0.000027 14 0.000258
10 10 81 6 0.000054 22 0.000024 22 0.000411
10 12 81 9 0.000054 17 0.000026 17 0.000332
10 14 81 8 0.000059 23 0.000030 23 0.000216
10 16 81 9 0.000062 46 0.000036 46 0.001103
10 2 91 1 0.000077 2 0.000028 2 0.000070
10 4 91 4 0.000063 15 0.000025 15 0.000269
10 6 91 6 0.000071 16 0.000025 16 0.000496
10 8 91 7 0.000076 19 0.000033 19 0.000342
10 10 91 6 0.000062 10 0.000023 10 0.000299
10 12 91 8 0.000061 33 0.000024 33 0.000711
10 14 91 7 0.000063 52 0.000030 52 0.001119
10 16 91 8 0.000065 23 0.000022 23 0.000289
15 2 1 6 0.000121 7 0.000042 7 0.000575
15 4 1 18 0.000117 25 0.000062 25 0.002149
15 6 1 32 0.000154 48 0.000055 48 0.002939
15 8 1 42 0.000133 81 0.000063 81 0.006345
15 10 1 37 0.000141 94 0.000051
15 12 1 48 0.000115 129 0.000071 129 0.007895
15 14 1 54 0.000116 173 0.000079
15 16 1 66 0.000118 201 0.000085 201 0.011465
15 2 11 6 0.000107 7 0.000039 7 0.000575
15 4 11 18 0.000120 25 0.000052 25 0.001832
15 6 11 32 0.000115 48 0.000049 48 0.003297
15 8 11 42 0.000137 81 0.000060 81 0.006377
15 10 11 37 0.000143 94 0.000053
15 12 11 48 0.000116 129 0.000070 129 0.008505
15 14 11 54 0.000119 173 0.000078
15 16 11 66 0.000116 201 0.000088 201 0.014834
15 2 21 4 0.000132 5 0.000035 5 0.000438
15 4 21 8 0.000119 11 0.000042 11 0.000557
15 6 21 17 0.000105 25 0.000046 25 0.001803
15 8 21 16 0.000114 40 0.000054 40 0.002678
15 10 21 22 0.000109 69 0.000063 69 0.006734
15 12 21 27 0.000108 91 0.000065 91 0.006636
15 14 21 25 0.000107 75 0.000060 75 0.005108
15 16 21 28 0.000110 103 0.000067 103 0.007681
15 2 31 3 0.000165 4 0.000049 4 0.000615
15 4 31 10 0.000125 14 0.000045 14 0.000978
15 6 31 11 0.000114 34 0.000045 34 0.003132
15 8 31 19 0.000124 49 0.000057 49 0.004039
15 10 31 24 0.000120 61 0.000083 61 0.005307
15 12 31 22 0.000113 68 0.000063 68 0.004318
15 14 31 23 0.000105 54 0.000059 54 0.004981
15 16 31 30 0.000111 136 0.000077 136 0.011995
15 2 41 3 0.000147 3 0.000035 3 0.000382
15 4 41 7 0.000135 7 0.000042 7 0.000691
15 6 41 10 0.000127 18 0.000045 18 0.002304
15 8 41 11 0.000108 23 0.000043 23 0.002101
15 10 41 12 0.000109 43 0.000046 43 0.003933
15 12 41 13 0.000110 51 0.000056 51 0.006642
15 14 41 15 0.000100 85 0.000068 85 0.009411
15 16 41 17 0.000100 44 0.000050 44 0.004150
15 2 51 1 0.000162 2 0.000047 2 0.000270
15 4 51 7 0.000141 10 0.000053 10 0.000885
15 6 51 7 0.000108 28 0.000065 28 0.002816
15 8 51 13 0.000112 34 0.000050 34 0.002987
15 10 51 12 0.000114 28 0.000050 28 0.002413
15 12 51 13 0.000112 70 0.000061 70 0.004578
15 14 51 17 0.000106 63 0.000057 63 0.006146
15 16 51 20 0.000107 117 0.000074 117 0.009831
15 2 61 3 0.000166 3 0.000036 3 0.000292
15 4 61 6 0.000139 11 0.000039 11 0.001023
15 6 61 8 0.000135 20 0.000042 20 0.001941
15 8 61 10 0.000126 30 0.000044 30 0.001967
15 10 61 11 0.000125 46 0.000053 46 0.005077
15 12 61 10 0.000134 36 0.000049 36 0.004802
15 14 61 15 0.000123 97 0.000067 97 0.009205
15 16 61 11 0.000131 98 0.000063 98 0.007042
15 2 71 1 0.000184 2 0.000038 2 0.000376
15 4 71 4 0.000190 6 0.000039 6 0.000701
15 6 71 6 0.000140 7 0.000051 7 0.000744
15 8 71 8 0.000178 13 0.000041 13 0.001729
15 10 71 10 0.000164 53 0.000069 53 0.005666
15 12 71 9 0.000133 34 0.000046 34 0.004435
15 14 71 10 0.000117 29 0.000041 29 0.002394
15 16 71 11 0.000143 58 0.000058 58 0.005943
15 2 81 3 0.000160 3 0.000035 3 0.000375
15 4 81 6 0.000181 10 0.000042 10 0.001561
15 6 81 6 0.000178 13 0.000051 13 0.001489
15 8 81 8 0.000138 14 0.000065 14 0.002129
15 10 81 12 0.000139 16 0.000040 16 0.002189
15 12 81 10 0.000185 34 0.000064 34 0.006441
15 14 81 8 0.000205 33 0.000047 33 0.003741
15 16 81 13 0.000135 62 0.000063 62 0.007060
15 2 91 1 0.000179 2 0.000033 2 0.000268
15 4 91 4 0.000154 8 0.000037 8 0.001132
15 6 91 6 0.000172 10 0.000038 10 0.001040
15 8 91 6 0.000164 10 0.000038 10 0.000738
15 10 91 10 0.000153 14 0.000036 14 0.000962
15 12 91 7 0.000157 18 0.000039 18 0.001329
15 14 91 9 0.000152 32 0.000046 32 0.003921
15 16 91 7 0.000153 22 0.000039 22 0.001559
20 2 1 6 0.000221 7 0.000078 7 0.001921
20 4 1 25 0.000236 29 0.000075 29 0.004002
20 6 1 36 0.000216 65 0.000081 65 0.011174
20 8 1 49 0.000224 90 0.000090 90 0.012206
20 10 1 59 0.000210 128 0.000100
20 12 1 74 0.000200 194 0.000185 194 0.029806
20 14 1 77 0.000205 261 0.000187
20 16 1 85 0.000202 222 0.000146
20 2 11 5 0.000283 6 0.000077 6 0.001514
20 4 11 14 0.000231 22 0.000066 22 0.003057
20 6 11 21 0.000206 48 0.000073 48 0.005530
20 8 11 26 0.000254 56 0.000081 56 0.007523
20 10 11 36 0.000220 94 0.000097 94 0.013068
20 12 11 37 0.000229 130 0.000118 130 0.023538
20 14 11 43 0.000228 126 0.000110 126 0.018078
20 16 11 44 0.000240 157 0.000112 157 0.019730
20 2 21 4 0.000258 5 0.000056 5 0.001175
20 4 21 11 0.000196 25 0.000068 25 0.004519
20 6 21 13 0.000231 26 0.000080 26 0.006256
20 8 21 22 0.000197 69 0.000087 69 0.013872
20 10 21 25 0.000191 79 0.000099 79 0.015145
20 12 21 25 0.000192 91 0.000097 91 0.014650
20 14 21 30 0.000218 114 0.000115 114 0.020569
20 16 21 35 0.000195 138 0.000134 138 0.033458
20 2 31 3 0.000347 4 0.000045 4 0.001174
20 4 31 8 0.000225 16 0.000056 16 0.004392
20 6 31 11 0.000214 21 0.000059 21 0.002958
20 8 31 14 0.000192 33 0.000094 33 0.003579
20 10 31 14 0.000199 43 0.000078 43 0.009679
20 12 31 16 0.000201 52 0.000106 52 0.008998
20 14 31 17 0.000205 43 0.000071 43 0.008936
20 16 31 23 0.000193 118 0.000119 118 0.025967
20 2 41 3 0.000344 4 0.000051 4 0.001235
20 4 41 7 0.000225 13 0.000057 13 0.002314
20 6 41 10 0.000204 48 0.000081 48 0.012031
20 8 41 13 0.000217 59 0.000097 59 0.018688
20 10 41 18 0.000197 47 0.000075 47 0.012192
20 12 41 20 0.000197 76 0.000093 76 0.015897
20 14 41 24 0.000202 95 0.000108 95 0.026509
20 16 41 22 0.000210 96 0.000094 96 0.018057
20 2 51 3 0.000323 4 0.000048 4 0.001236
20 4 51 5 0.000317 10 0.000056 10 0.002947
20 6 51 8 0.000227 21 0.000061 21 0.004367
20 8 51 11 0.000272 41 0.000071 41 0.006864
20 10 51 13 0.000247 45 0.000097 45 0.008747
20 12 51 12 0.000210 32 0.000070 32 0.007057
20 14 51 17 0.000218 58 0.000083 58 0.014411
20 16 51 16 0.000241 171 0.000159 171 0.045599
20 2 61 3 0.000393 3 0.000048 3 0.000870
20 4 61 6 0.000299 8 0.000053 8 0.001969
20 6 61 7 0.000345 21 0.000060 21 0.006713
20 8 61 12 0.000247 35 0.000069 35 0.008907
20 10 61 11 0.000289 28 0.000065 28 0.007054
20 12 61 12 0.000271 48 0.000083 48 0.014661
20 14 61 15 0.000287 45 0.000078 45 0.016886
20 16 61 16 0.000250 108 0.000125 108 0.034387
20 2 71 3 0.000452 3 0.000069 3 0.001112
20 4 71 4 0.000317 14 0.000061 14 0.004073
20 6 71 5 0.000337 10 0.000067 10 0.003327
20 8 71 10 0.000252 42 0.000073 42 0.010706
20 10 71 10 0.000236 50 0.000078 50 0.011151
20 12 71 8 0.000251 30 0.000068 30 0.007244
20 14 71 11 0.000234 56 0.000091 56 0.018072
20 16 71 12 0.000287 99 0.000107 99 0.022396
20 2 81 3 0.000341 3 0.000049 3 0.000954
20 4 81 7 0.000282 8 0.000057 8 0.001794
20 6 81 8 0.000314 8 0.000053 8 0.001806
20 8 81 11 0.000247 42 0.000073 42 0.013246
20 10 81 12 0.000244 34 0.000071 34 0.009438
20 12 81 13 0.000287 32 0.000062 32 0.006922
20 14 81 12 0.000227 54 0.000079 54 0.014193
20 16 81 15 0.000232 153 0.000166 153 0.054053
20 2 91 3 0.000352 3 0.000046 3 0.000951
20 4 91 5 0.000316 11 0.000056 11 0.002699
20 6 91 8 0.000327 14 0.000052 14 0.003465
20 8 91 11 0.000319 20 0.000083 20 0.004709
20 10 91 13 0.000306 26 0.000068 26 0.008205
20 12 91 10 0.000314 39 0.000072 39 0.008518
20 14 91 13 0.000339 38 0.000069 38 0.009949
20 16 91 15 0.000303 129 0.000143 129 0.042267
25 2 1 7 0.000408 7 0.000084 7 0.003434
25 4 1 27 0.000480 34 0.000101 34 0.013059
25 6 1 48 0.000390 75 0.000117 75 0.020366
25 8 1 64 0.000375 121 0.000159 121 0.045136
25 10 1 76 0.000342 129 0.000148
25 12 1 92 0.000331 192 0.000173 192 0.060544
25 14 1 99 0.000338 243 0.000233
25 16 1 113 0.000324 288 0.000221
25 2 11 3 0.000652 3 0.000084 3 0.002462
25 4 11 15 0.000462 33 0.000117 33 0.016910
25 6 11 32 0.000467 53 0.000121 53 0.022634
25 8 11 39 0.000490 71 0.000135 71 0.028082
25 10 11 37 0.000489 119 0.000161 119 0.042088
25 12 11 60 0.000512 130 0.000200 130 0.059780
25 14 11 62 0.000545 184 0.000301 184 0.075719
25 16 11 62 0.000524 209 0.000230 209 0.085474
25 2 21 3 0.000554 4 0.000075 4 0.001723
25 4 21 10 0.000391 25 0.000096 25 0.017364
25 6 21 16 0.000372 32 0.000099 32 0.012529
25 8 21 16 0.000363 51 0.000165 51 0.019795
25 10 21 22 0.000344 40 0.000110 40 0.019173
25 12 21 26 0.000343 81 0.000129 81 0.029480
25 14 21 27 0.000335 121 0.000182 121 0.061582
25 16 21 31 0.000343 129 0.000191 129 0.055322
25 2 31 3 0.000712 3 0.000077 3 0.001925
25 4 31 7 0.000391 23 0.000092 23 0.008857
25 6 31 12 0.000380 46 0.000131 46 0.027942
25 8 31 17 0.000340 37 0.000100 37 0.013751
25 10 31 18 0.000370 76 0.000144 76 0.041571
25 12 31 21 0.000352 82 0.000150 82 0.046366
25 14 31 25 0.000351 101 0.000159 101 0.053664
25 16 31 29 0.000348 66 0.000124 66 0.030045
25 2 41 3 0.000622 3 0.000069 3 0.001991
25 4 41 6 0.000492 8 0.000072 8 0.003996
25 6 41 9 0.000411 26 0.000093 26 0.015540
25 8 41 12 0.000460 33 0.000099 33 0.018437
25 10 41 19 0.000388 45 0.000112 45 0.024999
25 12 41 15 0.000413 80 0.000163 80 0.062565
25 14 41 21 0.000367 113 0.000161 113 0.053231
25 16 41 20 0.000372 80 0.000137 80 0.044326
25 2 51 3 0.000701 4 0.000067 4 0.002539
25 4 51 7 0.000523 17 0.000092 17 0.011336
25 6 51 13 0.000436 15 0.000080 15 0.008833
25 8 51 14 0.000472 22 0.000089 22 0.013424
25 10 51 14 0.000464 43 0.000148 43 0.029746
25 12 51 18 0.000424 39 0.000108 39 0.025917
25 14 51 20 0.000477 55 0.000119 55 0.034238
25 16 51 24 0.000445 55 0.000127 55 0.037284
25 2 61 3 0.000895 3 0.000072 3 0.001797
25 4 61 5 0.000661 9 0.000080 9 0.004810
25 6 61 10 0.000424 28 0.000095 28 0.019931
25 8 61 10 0.000495 17 0.000079 17 0.008310
25 10 61 13 0.000407 28 0.000091 28 0.018280
25 12 61 15 0.000413 89 0.000184 89 0.058540
25 14 61 17 0.000386 71 0.000120 71 0.024704
25 16 61 14 0.000435 96 0.000140 96 0.034881
25 2 71 3 0.000720 4 0.000062 4 0.002571
25 4 71 7 0.000564 8 0.000072 8 0.005227
25 6 71 11 0.000483 8 0.000074 8 0.003212
25 8 71 9 0.000532 14 0.000082 14 0.010034
25 10 71 11 0.000548 28 0.000090 28 0.015877
25 12 71 14 0.000468 43 0.000111 43 0.023655
25 14 71 15 0.000546 55 0.000190 55 0.039031
25 16 71 15 0.000501 74 0.000144 74 0.050965
25 2 81 3 0.000950 4 0.000067 4 0.002520
25 4 81 6 0.000763 9 0.000101 9 0.005684
25 6 81 8 0.001001 34 0.000111 34 0.023188
25 8 81 13 0.000690 42 0.000103 42 0.027281
25 10 81 11 0.000749 54 0.000127 54 0.029040
25 12 81 13 0.000672 68 0.000131 68 0.039143
25 14 81 17 0.000586 46 0.000104 46 0.020748
25 16 81 16 0.000546 44 0.000107 44 0.021548
25 2 91 3 0.001123 3 0.000079 3 0.002641
25 4 91 5 0.000836 5 0.000075 5 0.004626
25 6 91 6 0.000775 18 0.000078 18 0.007240
25 8 91 9 0.000804 23 0.000088 23 0.012531
25 10 91 8 0.000621 30 0.000103 30 0.026350
25 12 91 9 0.000624 53 0.000113 53 0.025844
25 14 91 12 0.000581 37 0.000103 37 0.023769
25 16 91 10 0.000756 25 0.000094 25 0.012335
30 2 1 6 0.000845 7 0.000114 7 0.007285
30 4 1 32 0.000888 49 0.000167 49 0.037434
30 6 1 58 0.000781 92 0.000197 92 0.066975
30 8 1 76 0.000708 158 0.000244 158 0.094253
30 10 1 85 0.000615 188 0.000317
30 12 1 112 0.000547 190 0.000277 190 0.108899
30 14 1 126 0.000543 296 0.000378
30 16 1 138 0.000497 356 0.000441
30 2 11 4 0.001382 5 0.000121 5 0.005056
30 4 11 14 0.000748 18 0.000165 18 0.016092
30 6 11 21 0.000663 53 0.000257 53 0.049904
30 8 11 39 0.000717 83 0.000192 83 0.057249
30 10 11 40 0.000713 70 0.000182 70 0.050379
30 12 11 43 0.000716 118 0.000244 118 0.096123
30 14 11 59 0.000790 111 0.000225 111 0.061471
30 16 11 69 0.000726 165 0.000269 165 0.112261
30 2 21 3 0.001973 4 0.000097 4 0.004831
30 4 21 7 0.000682 11 0.000127 11 0.010071
30 6 21 12 0.000564 24 0.000130 24 0.023297
30 8 21 18 0.000535 42 0.000179 42 0.036087
30 10 21 25 0.000537 82 0.000304 82 0.091755
30 12 21 20 0.000564 84 0.000223 84 0.101376
30 14 21 23 0.000573 92 0.000200 92 0.069617
30 16 21 33 0.000526 154 0.000429 154 0.173972
30 2 31 3 0.001060 4 0.000087 4 0.003668
30 4 31 9 0.000778 18 0.000113 18 0.015695
30 6 31 11 0.000614 23 0.000106 23 0.014040
30 8 31 18 0.000625 39 0.000141 39 0.037293
30 10 31 21 0.000794 47 0.000154 47 0.033832
30 12 31 23 0.000839 116 0.000259 116 0.090154
30 14 31 23 0.000616 107 0.000288 107 0.126058
30 16 31 25 0.000610 94 0.000245 94 0.085766
30 2 41 4 0.001490 5 0.000092 5 0.005820
30 4 41 11 0.000797 10 0.000097 10 0.013362
30 6 41 15 0.000660 28 0.000134 28 0.034416
30 8 41 18 0.000706 27 0.000122 27 0.021949
30 10 41 16 0.000686 37 0.000145 37 0.036594
30 12 41 19 0.000658 51 0.000154 51 0.056592
30 14 41 23 0.000735 42 0.000142 42 0.033348
30 16 41 20 0.000675 59 0.000188 59 0.056452
30 2 51 3 0.001548 4 0.000098 4 0.004698
30 4 51 8 0.001121 15 0.000108 15 0.019726
30 6 51 11 0.000869 22 0.000121 22 0.023168
30 8 51 14 0.000757 29 0.000131 29 0.025995
30 10 51 16 0.000859 42 0.000147 42 0.043266
30 12 51 18 0.000876 78 0.000227 78 0.103918
30 14 51 24 0.000748 61 0.000178 61 0.044919
30 16 51 22 0.000737 78 0.000202 78 0.097443
30 2 61 3 0.001578 3 0.000084 3 0.003151
30 4 61 8 0.001093 13 0.000141 13 0.022725
30 6 61 8 0.001082 51 0.000160 51 0.065057
30 8 61 11 0.000947 25 0.000161 25 0.028584
30 10 61 10 0.000977 51 0.000143 51 0.042947
30 12 61 14 0.001003 69 0.000189 69 0.096607
30 14 61 18 0.000931 56 0.000205 56 0.049857
30 16 61 19 0.000932 51 0.000152 51 0.061576
30 2 71 3 0.001171 3 0.000087 3 0.003698
30 4 71 6 0.001095 8 0.000102 8 0.009944
30 6 71 9 0.000914 22 0.000114 22 0.025932
30 8 71 11 0.000906 46 0.000171 46 0.021482
30 10 71 13 0.000910 36 0.000140 36 0.034567
30 12 71 19 0.000900 54 0.000169 54 0.059590
30 14 71 14 0.000880 86 0.000196 86 0.046128
30 16 71 16 0.001205 86 0.000224 86 0.076027
30 2 81 3 0.001487 3 0.000089 3 0.004171
30 4 81 7 0.001202 9 0.000100 9 0.009572
30 6 81 10 0.001018 36 0.000149 36 0.052698
30 8 81 10 0.001140 24 0.000122 24 0.031698
30 10 81 11 0.000889 45 0.000150 45 0.059816
30 12 81 16 0.000911 70 0.000206 70 0.099322
30 14 81 18 0.000948 41 0.000159 41 0.056362
30 16 81 16 0.001011 50 0.000158 50 0.053583
30 2 91 3 0.001800 3 0.000084 3 0.003674
30 4 91 7 0.001450 10 0.000104 10 0.015664
30 6 91 9 0.001469 23 0.000119 23 0.029887
30 8 91 11 0.001369 18 0.000113 18 0.022673
30 10 91 11 0.001391 35 0.000142 35 0.047322
30 12 91 12 0.001442 59 0.000152 59 0.051711
30 14 91 16 0.001465 33 0.000138 33 0.047622
30 16 91 16 0.001365 44 0.000156 44 0.061778
35 2 1 10 0.001666 11 0.000160 11 0.015310
35 4 1 44 0.001712 58 0.000220 58 0.073535
35 6 1 66 0.001705 106 0.000305 106 0.138538
35 8 1 84 0.001340 172 0.000438 172 0.239403
35 10 1 118 0.001389 258 0.000675
35 12 1 143 0.000988 278 0.000465 278 0.269402
35 14 1 155 0.001019 345 0.000789
35 16 1 158 0.000932 327 0.000504
35 2 11 5 0.002408 6 0.000143 6 0.011364
35 4 11 17 0.000958 18 0.000165 18 0.018333
35 6 11 25 0.001018 48 0.000308 48 0.062334
35 8 11 38 0.001091 74 0.000291 74 0.123864
35 10 11 49 0.001358 108 0.000379 108 0.131856
35 12 11 54 0.001329 118 0.000354 118 0.156304
35 14 11 64 0.001260 147 0.000561 147 0.229944
35 16 11 76 0.001210 192 0.000515 192 0.344307
35 2 21 5 0.002923 6 0.000122 6 0.012128
35 4 21 10 0.001112 15 0.000140 15 0.020816
35 6 21 16 0.000910 53 0.000244 53 0.106534
35 8 21 21 0.000957 54 0.000225 54 0.067649
35 10 21 25 0.000900 48 0.000224 48 0.085886
35 12 21 30 0.000921 78 0.000247 78 0.096689
35 14 21 32 0.000953 86 0.000236 86 0.096138
35 16 21 39 0.000943 81 0.000266 81 0.114966
35 2 31 3 0.002852 3 0.000162 3 0.008482
35 4 31 8 0.001280 16 0.000198 16 0.038885
35 6 31 13 0.001053 23 0.000241 23 0.047922
35 8 31 20 0.001057 49 0.000239 49 0.120463
35 10 31 22 0.000983 88 0.000354 88 0.234128
35 12 31 25 0.000980 45 0.000198 45 0.058425
35 14 31 23 0.000947 74 0.000283 74 0.144577
35 16 31 30 0.000966 122 0.000462 122 0.347291
35 2 41 3 0.003475 4 0.000122 4 0.012517
35 4 41 6 0.002236 14 0.000145 14 0.030612
35 6 41 11 0.001252 28 0.000171 28 0.067692
35 8 41 16 0.001293 37 0.000179 37 0.058676
35 10 41 17 0.001157 41 0.000167 41 0.060380
35 12 41 17 0.001132 66 0.000246 66 0.126720
35 14 41 23 0.001192 101 0.000276 101 0.137932
35 16 41 23 0.001172 106 0.000443 106 0.209640
35 2 51 3 0.003595 4 0.000118 4 0.009691
35 4 51 8 0.002247 11 0.000124 11 0.019289
35 6 51 10 0.001860 20 0.000171 20 0.047217
35 8 51 16 0.001927 38 0.000203 38 0.090982
35 10 51 18 0.001728 43 0.000199 43 0.087606
35 12 51 19 0.001772 68 0.000260 68 0.133877
35 14 51 19 0.001417 83 0.000289 83 0.162462
35 16 51 22 0.001887 77 0.000296 77 0.182601
35 2 61 3 0.003621 3 0.000110 3 0.005881
35 4 61 8 0.003204 18 0.000139 18 0.024329
35 6 61 11 0.002597 36 0.000199 36 0.071328
35 8 61 14 0.002821 31 0.000169 31 0.051971
35 10 61 15 0.001487 63 0.000274 63 0.182697
35 12 61 15 0.002498 74 0.000230 74 0.096166
35 14 61 21 0.001457 124 0.000531 124 0.272562
35 16 61 19 0.002082 114 0.000346 114 0.259213
35 2 71 3 0.004549 3 0.000117 3 0.008086
35 4 71 5 0.002996 11 0.000158 11 0.030520
35 6 71 10 0.002353 22 0.000230 22 0.063371
35 8 71 9 0.002864 74 0.000194 74 0.073622
35 10 71 11 0.001572 56 0.000197 56 0.085971
35 12 71 14 0.001800 60 0.000202 60 0.088214
35 14 71 18 0.001497 48 0.000216 48 0.117236
35 16 71 16 0.001946 129 0.000356 129 0.225305
35 2 81 3 0.003019 3 0.000119 3 0.010647
35 4 81 8 0.001831 10 0.000130 10 0.025471
35 6 81 10 0.001794 15 0.000142 15 0.040117
35 8 81 12 0.001471 40 0.000205 40 0.100681
35 10 81 16 0.001677 34 0.000264 34 0.081915
35 12 81 19 0.001422 58 0.000256 58 0.124174
35 14 81 19 0.001294 59 0.000238 59 0.131400
35 16 81 21 0.001343 111 0.000363 111 0.278549
35 2 91 3 0.004704 4 0.000117 4 0.009780
35 4 91 7 0.004654 16 0.000147 16 0.045850
35 6 91 10 0.004626 31 0.000203 31 0.091305
35 8 91 12 0.003914 40 0.000189 40 0.093530
35 10 91 13 0.003745 31 0.000272 31 0.093358
35 12 91 13 0.004602 80 0.000274 80 0.205209
35 14 91 14 0.003689 54 0.000205 54 0.098762
35 16 91 17 0.003701 80 0.000295 80 0.218954
40 2 1 11 0.001975 12 0.000203 12 0.027724
40 4 1 48 0.002908 58 0.000298 58 0.115442
40 6 1 78 0.002647 130 0.000438 130 0.313997
40 8 1 91 0.002485 176 0.000501 176 0.374740
40 10 1 124 0.002859 251 0.000831
40 12 1 154 0.001835 294 0.000742 294 0.534573
40 14 1 187 0.001454 362 0.000911
40 16 1 172 0.001339 437 0.001078
40 2 11 4 0.002878 5 0.000160 5 0.019663
40 4 11 16 0.001454 26 0.000221 26 0.073956
40 6 11 30 0.001394 44 0.000257 44 0.086170
40 8 11 40 0.001498 72 0.000354 72 0.187286
40 10 11 48 0.001546 80 0.000405 80 0.211254
40 12 11 59 0.001534 124 0.000493 124 0.349294
40 14 11 65 0.001645 167 0.000582 167 0.453957
40 16 11 70 0.001596 171 0.000579 171 0.375479
40 2 21 3 0.004838 4 0.000151 4 0.016905
40 4 21 11 0.001495 22 0.000221 22 0.081572
40 6 21 16 0.001560 33 0.000256 33 0.069150
40 8 21 21 0.001278 46 0.000257 46 0.108092
40 10 21 23 0.001292 87 0.000477 87 0.300600
40 12 21 32 0.001307 86 0.000478 86 0.208608
40 14 21 31 0.001327 92 0.000404 92 0.290436
40 16 21 36 0.001302 154 0.000587 154 0.485024
40 2 31 3 0.004060 3 0.000206 3 0.013527
40 4 31 9 0.002447 13 0.000178 13 0.040106
40 6 31 14 0.001658 28 0.000208 28 0.090528
40 8 31 19 0.001585 39 0.000262 39 0.112963
40 10 31 20 0.001637 46 0.000275 46 0.149228
40 12 31 25 0.001449 57 0.000287 57 0.176686
40 14 31 30 0.001482 84 0.000406 84 0.296298
40 16 31 31 0.001357 118 0.000448 118 0.367150
40 2 41 4 0.005033 5 0.000146 5 0.018961
40 4 41 9 0.002791 14 0.000176 14 0.046228
40 6 41 12 0.002129 28 0.000216 28 0.088090
40 8 41 16 0.001972 38 0.000218 38 0.111865
40 10 41 21 0.001776 70 0.000312 70 0.231561
40 12 41 20 0.001966 63 0.000384 63 0.261955
40 14 41 29 0.001733 64 0.000285 64 0.191822
40 16 41 24 0.001759 106 0.000409 106 0.322862
40 2 51 3 0.005751 4 0.000157 4 0.016310
40 4 51 7 0.002656 15 0.000181 15 0.060090
40 6 51 14 0.002321 32 0.000248 32 0.149646
40 8 51 13 0.002484 49 0.000310 49 0.211971
40 10 51 18 0.002031 50 0.000320 50 0.197455
40 12 51 21 0.002058 48 0.000273 48 0.176892
40 14 51 24 0.002229 53 0.000419 53 0.202932
40 16 51 26 0.002190 53 0.000299 53 0.203047
40 2 61 3 0.006388 3 0.000149 3 0.015815
40 4 61 5 0.004409 7 0.000164 7 0.026828
40 6 61 9 0.003171 20 0.000183 20 0.075558
40 8 61 11 0.003066 25 0.000201 25 0.098175
40 10 61 13 0.002918 27 0.000246 27 0.113164
40 12 61 17 0.003081 51 0.000270 51 0.175803
40 14 61 17 0.003146 97 0.000432 97 0.419313
40 16 61 18 0.002586 43 0.000244 43 0.109922
40 2 71 3 0.006355 4 0.000152 4 0.016827
40 4 71 8 0.005338 17 0.000200 17 0.062175
40 6 71 12 0.003021 19 0.000260 19 0.067341
40 8 71 14 0.003544 45 0.000239 45 0.120282
40 10 71 12 0.002680 64 0.000310 64 0.263215
40 12 71 24 0.002704 62 0.000347 62 0.240832
40 14 71 26 0.003399 132 0.000595 132 0.613157
40 16 71 25 0.002599 116 0.000471 116 0.466891
40 2 81 3 0.008515 4 0.000156 4 0.017754
40 4 81 8 0.004487 16 0.000195 16 0.079046
40 6 81 9 0.004874 15 0.000194 15 0.070204
40 8 81 11 0.004144 23 0.000204 23 0.094912
40 10 81 13 0.004445 31 0.000234 31 0.145947
40 12 81 12 0.004086 57 0.000347 57 0.309939
40 14 81 14 0.004337 60 0.000316 60 0.239300
40 16 81 20 0.004003 40 0.000251 40 0.147070
40 2 91 3 0.005048 3 0.000154 3 0.013968
40 4 91 5 0.004423 12 0.000181 12 0.038484
40 6 91 9 0.003966 26 0.000224 26 0.129515
40 8 91 10 0.003720 19 0.000182 19 0.069526
40 10 91 11 0.004466 17 0.000162 17 0.042572
40 12 91 12 0.004030 62 0.000433 62 0.248390
40 14 91 12 0.003765 38 0.000368 38 0.139489
40 16 91 15 0.003667 36 0.000287 36 0.144502
45 2 1 10 0.003137 11 0.000320 11 0.054962
45 4 1 53 0.004501 73 0.000435 73 0.261880
45 6 1 92 0.004571 118 0.000511 118 0.354952
45 8 1 119 0.003982 237 0.000882 237 0.858943
45 10 1 138 0.003456 240 0.000781
45 12 1 166 0.003062 364 0.001162 364 1.019324
45 14 1 216 0.003351 401 0.001378
45 16 1 200 0.002526 466 0.001477
45 2 11 5 0.005930 6 0.000203 6 0.030613
45 4 11 19 0.002083 30 0.000313 30 0.155152
45 6 11 29 0.001993 39 0.000325 39 0.158519
45 8 11 33 0.002031 67 0.000378 67 0.231043
45 10 11 55 0.002209 102 0.000498 102 0.365939
45 12 11 55 0.002217 148 0.000732 148 0.746786
45 14 11 77 0.002243 138 0.000714 138 0.708788
45 16 11 68 0.002287 158 0.000699 158 0.548429
45 2 21 4 0.007332 5 0.000203 5 0.023202
45 4 21 12 0.003210 24 0.000318 24 0.114254
45 6 21 19 0.002174 36 0.000312 36 0.163929
45 8 21 21 0.001952 62 0.000355 62 0.254749
45 10 21 25 0.001847 71 0.000452 71 0.395121
45 12 21 35 0.002038 78 0.000389 78 0.265753
45 14 21 37 0.001929 120 0.000641 120 0.727744
45 16 21 39 0.001851 135 0.000668 135 0.663143
45 2 31 3 0.009706 3 0.000199 3 0.020341
45 4 31 7 0.004074 15 0.000231 15 0.104174
45 6 31 10 0.004560 23 0.000312 23 0.168316
45 8 31 18 0.002776 31 0.000294 31 0.183365
45 10 31 21 0.003705 44 0.000298 44 0.149262
45 12 31 21 0.003594 84 0.000536 84 0.553203
45 14 31 27 0.002374 79 0.000432 79 0.354314
45 16 31 30 0.002343 93 0.000525 93 0.543720
45 2 41 4 0.010876 5 0.000255 5 0.034865
45 4 41 9 0.004949 12 0.000235 12 0.071260
45 6 41 17 0.003334 28 0.000340 28 0.143398
45 8 41 20 0.003672 24 0.000255 24 0.119637
45 10 41 20 0.002896 42 0.000355 42 0.266665
45 12 41 26 0.003060 80 0.000515 80 0.611596
45 14 41 28 0.002634 69 0.000425 69 0.415193
45 16 41 29 0.003686 82 0.000504 82 0.594550
45 2 51 3 0.009937 3 0.000178 3 0.021779
45 4 51 7 0.005524 8 0.000256 8 0.050649
45 6 51 12 0.005568 18 0.000219 18 0.086245
45 8 51 12 0.003327 27 0.000376 27 0.175121
45 10 51 17 0.004377 56 0.000363 56 0.300809
45 12 51 18 0.003248 54 0.000349 54 0.308142
45 14 51 18 0.003627 72 0.000453 72 0.470263
45 16 51 20 0.004495 71 0.000529 71 0.348736
45 2 61 3 0.008620 4 0.000180 4 0.026098
45 4 61 7 0.006093 12 0.000206 12 0.070484
45 6 61 10 0.004522 25 0.000250 25 0.169820
45 8 61 14 0.007512 50 0.000427 50 0.394502
45 10 61 19 0.005820 31 0.000303 31 0.148798
45 12 61 19 0.003851 46 0.000337 46 0.305304
45 14 61 19 0.003759 68 0.000414 68 0.369903
45 16 61 25 0.004749 116 0.000557 116 0.635522
45 2 71 3 0.010173 4 0.000186 4 0.029551
45 4 71 8 0.008389 13 0.000240 13 0.092578
45 6 71 10 0.006675 33 0.000303 33 0.190180
45 8 71 15 0.006606 49 0.000349 49 0.321449
45 10 71 15 0.006438 32 0.000317 32 0.234173
45 12 71 15 0.006537 94 0.000552 94 0.649244
45 14 71 15 0.006527 51 0.000371 51 0.351014
45 16 71 24 0.008640 96 0.000506 96 0.564314
45 2 81 3 0.007963 3 0.000174 3 0.019307
45 4 81 7 0.006852 11 0.000215 11 0.086589
45 6 81 11 0.006439 11 0.000208 11 0.057093
45 8 81 14 0.006126 34 0.000292 34 0.196820
45 10 81 14 0.008655 32 0.000272 32 0.150419
45 12 81 13 0.008573 49 0.000338 49 0.307776
45 14 81 16 0.006144 54 0.000340 54 0.294570
45 16 81 21 0.006398 74 0.000430 74 0.435165
45 2 91 3 0.011072 4 0.000207 4 0.026135
45 4 91 8 0.007892 15 0.000259 15 0.081972
45 6 91 11 0.007259 56 0.000421 56 0.454834
45 8 91 13 0.008161 58 0.000292 58 0.187759
45 10 91 15 0.006047 40 0.000285 40 0.172137
45 12 91 17 0.006288 60 0.000502 60 0.412054
45 14 91 16 0.008138 54 0.000315 54 0.232836
45 16 91 19 0.006302 91 0.000454 91 0.392529
50 2 1 11 0.003859 12 0.000307 12 0.069718
50 4 1 57 0.006711 79 0.000549 79 0.447015
50 6 1 103 0.009496 142 0.000810 142 0.712570
50 8 1 129 0.006125 222 0.001020 222 1.312116
50 10 1 162 0.005086 308 0.001204
50 12 1 173 0.004862 393 0.001607 393 2.340980
50 14 1 212 0.004109 492 0.002087
50 16 1 246 0.003953 522 0.002158
50 2 11 4 0.011213 5 0.000228 5 0.051232
50 4 11 22 0.002631 21 0.000313 21 0.106968
50 6 11 30 0.002515 42 0.000376 42 0.246193
50 8 11 40 0.002739 68 0.000462 68 0.356409
50 10 11 55 0.002747 97 0.000719 97 0.691798
50 12 11 53 0.002775 107 0.000604 107 0.547265
50 14 11 65 0.002902 117 0.000643 117 0.625562
50 16 11 81 0.002874 154 0.000800 154 0.804095
50 2 21 3 0.009959 4 0.000218 4 0.040099
50 4 21 10 0.005055 17 0.000267 17 0.107110
50 6 21 17 0.003276 30 0.000334 30 0.223025
50 8 21 18 0.003108 56 0.000427 56 0.360431
50 10 21 25 0.003513 61 0.000489 61 0.494117
50 12 21 28 0.002867 63 0.000440 63 0.402574
50 14 21 35 0.002870 110 0.000699 110 0.946171
50 16 21 37 0.002848 107 0.000672 107 0.811638
50 2 31 3 0.013257 4 0.000213 4 0.035469
50 4 31 14 0.004963 23 0.000324 23 0.130911
50 6 31 13 0.004692 36 0.000357 36 0.219774
50 8 31 23 0.003682 60 0.000418 60 0.347434
50 10 31 23 0.003471 70 0.000785 70 0.705722
50 12 31 24 0.004153 108 0.000731 108 1.074446
50 14 31 28 0.003718 156 0.000800 156 1.240630
50 16 31 33 0.003672 134 0.000850 134 1.156484
50 2 41 4 0.013451 5 0.000211 5 0.047881
50 4 41 9 0.006205 10 0.000252 10 0.084694
50 6 41 13 0.004829 25 0.000302 25 0.208088
50 8 41 16 0.005065 27 0.000339 27 0.234129
50 10 41 22 0.004321 47 0.000430 47 0.459045
50 12 41 23 0.004558 45 0.000394 45 0.392825
50 14 41 27 0.004576 57 0.000486 57 0.572053
50 16 41 29 0.004588 103 0.000701 103 1.040387
50 2 51 4 0.012558 5 0.000218 5 0.040797
50 4 51 10 0.007357 18 0.000293 18 0.183125
50 6 51 14 0.005416 38 0.000385 38 0.328672
50 8 51 15 0.006716 33 0.000355 33 0.274175
50 10 51 23 0.005954 45 0.000401 45 0.367222
50 12 51 26 0.004738 76 0.000484 76 0.520446
50 14 51 28 0.004532 105 0.000691 105 0.859040
50 16 51 24 0.004734 76 0.000503 76 0.574790
50 2 61 3 0.013336 4 0.000221 4 0.045384
50 4 61 9 0.007379 13 0.000258 13 0.124626
50 6 61 10 0.007700 32 0.000358 32 0.355303
50 8 61 15 0.006590 31 0.000356 31 0.324450
50 10 61 18 0.006762 32 0.000347 32 0.268018
50 12 61 18 0.007100 54 0.000469 54 0.470753
50 14 61 20 0.007169 79 0.000709 79 1.036091
50 16 61 27 0.006580 53 0.000534 53 0.610413
50 2 71 3 0.013696 4 0.000218 4 0.039977
50 4 71 7 0.014266 18 0.000282 18 0.169087
50 6 71 11 0.009405 21 0.000316 21 0.185242
50 8 71 13 0.012222 35 0.000372 35 0.303575
50 10 71 16 0.010367 45 0.000432 45 0.408670
50 12 71 16 0.009220 39 0.000372 39 0.379694
50 14 71 18 0.007900 50 0.000429 50 0.502918
50 16 71 23 0.011389 49 0.000399 49 0.431948
50 2 81 4 0.014042 5 0.000240 5 0.054249
50 4 81 8 0.013518 13 0.000283 13 0.154400
50 6 81 13 0.008037 16 0.000270 16 0.116004
50 8 81 16 0.012660 40 0.000446 40 0.539880
50 10 81 15 0.007594 51 0.000404 51 0.422671
50 12 81 20 0.008401 68 0.000771 68 0.731453
50 14 81 21 0.007277 61 0.000543 61 0.668520
50 16 81 24 0.007602 63 0.000516 63 0.659501
50 2 91 3 0.012650 3 0.000220 3 0.033918
50 4 91 7 0.011121 15 0.000301 15 0.145125
50 6 91 12 0.007413 48 0.000398 48 0.378703
50 8 91 13 0.007556 38 0.000433 38 0.451653
50 10 91 14 0.007576 33 0.000373 33 0.326735
50 12 91 18 0.007629 62 0.000588 62 0.454366
50 14 91 26 0.009919 54 0.000496 54 0.644985
50 16 91 24 0.007169 62 0.000496 62 0.631381
